    0    0
    5    0
    8    0
    9    0
   11    0
   14    0
   17    0
   20    0
   23    0
    2    1
    4    1
    7    1
    9    1
   15    1
   23    1
   27    1
   29    1
   31    1
    6    2
    7    2
   18    2
   20    2
    0    3
    2    3
    4    3
    5    3
   10    3
   12    3
   14    3
   20    3
   25    3
   27    3
   10    4
   15    4
   21    4
   23    4
   27    4
   28    4
   30    4
    3    5
    4    5
   12    5
   13    5
   16    5
   21    5
   27    5
    2    6
    6    6
   18    6
    5    7
    7    7
   10    7
   16    7
   21    7
    5    8
    6    8
    9    8
   10    8
   21    8
   24    8
   25    8
   27    8
    0    9
   10    9
   13    9
   25    9
   30    9
    3   10
   10   10
   15   10
   18   10
   22   10
   23   10
   24   10
   25   10
   28   10
   30   10
    3   11
   12   11
   21   11
   22   11
   30   11
   31   11
    0   12
    7   12
   15   12
   18   12
   19   12
   21   12
   27   12
   30   12
   31   12
    0   13
    5   13
    7   13
    9   13
   12   13
   19   13
   22   13
   10   14
   14   14
   16   14
   25   14
   26   14
   28   14
    0   15
    5   15
   12   15
   19   15
   24   15
   26   15
    1   16
    2   16
    8   16
   10   16
   16   16
   17   16
   22   16
   23   16
   29   16
    1   17
    2   17
    6   17
    7   17
    9   17
   13   17
   16   17
   18   17
   20   17
   22   17
   23   17
    7   18
   10   18
   15   18
   17   18
   18   18
   21   18
   27   18
   29   18
   31   18
    0   19
    5   19
    7   19
    8   19
   10   19
   17   19
   20   19
   27   19
    0   20
    1   20
    4   20
    5   20
    7   20
   10   20
   13   20
   14   20
   16   20
   21   20
   31   20
    5   21
   10   21
   11   21
   12   21
   24   21
   25   21
   27   21
   30   21
    0   22
    3   22
    5   22
    7   22
    8   22
   12   22
   13   22
   15   22
   19   22
   20   22
   21   22
   23   22
   26   22
   31   22
    2   23
    7   23
   12   23
   13   23
   14   23
   20   23
   22   23
   24   23
   25   23
   26   23
   30   23
    1   24
    4   24
    5   24
    8   24
    9   24
   11   24
   22   24
   31   24
    8   25
   17   25
   26   25
   31   25
    6   26
   11   26
   13   26
   16   26
   29   26
    2   27
    5   27
    7   27
    8   27
    9   27
   12   27
   18   27
   19   27
   25   27
   28   27
   30   27
    1   28
    3   28
    5   28
    8   28
   11   28
   16   28
   19   28
   21   28
   25   28
    4   29
    7   29
    8   29
   19   29
   20   29
   25   29
   27   29
   29   29
   31   29
    0   30
    3   30
    4   30
    7   30
   13   30
   14   30
   15   30
   16   30
   17   30
   19   30
   21   30
   23   30
   24   30
   29   30
    2   31
    3   31
    6   31
    8   31
   12   31
   13   31
   15   31
   16   31
   17   31
   21   31
   22   31
   26   31
    0   32
    3   32
    7   32
   17   32
   19   32
   20   32
   28   32
    0   33
    3   33
    4   33
    6   33
   12   33
   13   33
   16   33
   17   33
   26   33
   27   33
   29   33
    7   34
   10   34
   15   34
   29   34
   30   34
    4   35
    9   35
   22   35
   27   35
   28   35
   15   36
   25   36
   31   36
    0   37
    6   37
    9   37
   10   37
   11   37
   14   37
   15   37
   16   37
   21   37
   24   37
   27   37
   29   37
   30   37
   31   37
    1   38
    6   38
    9   38
   18   38
   28   38
   29   38
    0   39
   10   39
   11   39
   13   39
   19   39
   21   39
   22   39
   23   39
   24   39
   25   39
   26   39
   28   39
   30   39
    4   40
    9   40
   10   40
   12   40
   26   40
    3   41
    6   41
    9   41
   17   41
   22   41
   29   41
    1   42
    3   42
    6   42
    8   42
    9   42
   11   42
   17   42
   18   42
   20   42
   25   42
   28   42
   30   42
    2   43
   10   43
   11   43
   15   43
   17   43
   31   43
    5   44
   11   44
   18   44
   24   44
   28   44
   29   44
    6   45
   11   45
   15   45
   19   45
   20   45
   21   45
   22   45
   26   45
   29   45
    2   46
    5   46
    7   46
   26   46
    1   47
    2   47
    4   47
    7   47
   11   47
   20   47
   27   47
   31   47
    9   48
   11   48
   12   48
   18   48
   19   48
   21   48
   22   48
   28   48
    0   49
    5   49
   13   49
   14   49
   23   49
   28   49
   30   49
   31   49
